3.913091023280351188e-01 3.120119764960961328e-01 1.201197649609612138e-02
1.484732147366749411e+00 3.121324769543253885e-01 1.213247695432537535e-02
1.461274655285755841e+00 3.108299435497290375e-01 1.082994354972906595e-02
1.115937412377997262e+00 3.159220958270987367e-01 1.592209582709872354e-02
5.833716643670365798e-01 3.119407485634877464e-01 1.194074856348774014e-02
1.167885743566683843e+00 3.114266907980337007e-01 1.142669079803370485e-02
1.071048570655848353e+00 3.131199447164054739e-01 1.311994471640550580e-02
7.188334008602714764e-01 3.131646300516504056e-01 1.316463005165043575e-02
2.517885714922489249e-01 3.144983012504357633e-01 1.449830125043575363e-02
1.353836001315068982e+00 3.103411183274828455e-01 1.034111832748284797e-02
6.578380274948913975e-02 3.106665875684399558e-01 1.066658756843998600e-02
3.847059439355210442e-02 3.159144607676894756e-01 1.591446076768947976e-02
8.673632948140408416e-01 3.115629999797212557e-01 1.156299997972126334e-02
1.564628232615649095e-01 3.119028804033434632e-01 1.190288040334345349e-02
1.119375148942474557e-02 3.110743101121822285e-01 1.107431011218222225e-02
2.949895218392908358e-01 3.159209933566692330e-01 1.592099335666923715e-02
1.005674920375917880e+00 3.133555677178119780e-01 1.335556771781200303e-02
1.279036340058494481e-01 3.125332146275545120e-01 1.253321462755452656e-02
6.751534641040025653e-01 3.211347877787740779e-01 2.113478777877410633e-02
9.763272869362008000e-02 3.166282104451672574e-01 1.662821044516726854e-02
7.688055879477474486e-01 3.198657889624987871e-01 1.986578896249877740e-02
3.339712720215166630e-01 3.225556683733976082e-01 2.255566837339764014e-02
1.916647768602699475e-01 3.223387881529282128e-01 2.233878815292823783e-02
9.704182624469512852e-01 3.212258096781869798e-01 2.122580967818700134e-02
1.315084624622556708e+00 3.191280612386704907e-01 1.912806123867052260e-02
9.074226123593885918e-01 3.177243790019190772e-01 1.772437900191910914e-02
1.041562703364578013e+00 3.165351834260838326e-01 1.653518342608382985e-02
1.265514255627298024e+00 3.189398780911842368e-01 1.893987809118424792e-02
1.387753007591104870e+00 3.195670929277784622e-01 1.956709292777848719e-02
1.434024238956064456e+00 3.222449124225189587e-01 1.871471255773430459e-02
8.186322504441463366e-01 3.197291540301177015e-01 1.972915403011768487e-02
6.221617835785410167e-01 3.171722454522609147e-01 1.717224545226091886e-02
4.268434662510462996e-01 3.183275342103183969e-01 1.832753421031838720e-02
5.479778849359627779e-01 3.217675820440286105e-01 2.176758204402861469e-02
1.206233371310557745e+00 3.246173392021679538e-01 2.461733920216799265e-02
4.788063384727760941e-01 3.314565495158111608e-01 3.145654951581119269e-02
1.474357952720970477e+00 3.335487908691469050e-01 1.166421223233852188e-02
2.338504258637420785e-01 3.389596355685979834e-01 1.583540846688075501e-02
8.616158343258946140e-01 3.387983518166721164e-01 1.627218803375017966e-02
1.353098505033647259e+00 3.375056092380560036e-01 1.683338198431169608e-02
6.569374063809436948e-02 3.339235201674894959e-01 1.259051941202174452e-02
2.114376299727192821e-02 3.380595617430330324e-01 1.220358652303260051e-02
9.294789480315940322e-01 3.372407115661640309e-01 1.172675306534120936e-02
7.107368994382239347e-01 3.370704355266649355e-01 1.207503854138878771e-02
3.875177269158973647e-01 3.402864932489791383e-01 1.651560358222151775e-02
1.155167713821490416e+00 3.413897550358352406e-01 2.112378537541494128e-02
1.103339468628183662e+00 3.474661469582769335e-01 1.804458414739767980e-02
7.419587065109877200e-01 3.454855682272748307e-01 1.724388811040611022e-02
1.065246010460896731e+00 3.419188418814663177e-01 1.625770295558798956e-02
1.028516766524070869e+00 3.444347974789017108e-01 1.426392260546676533e-02
8.911154989939724658e-01 3.411013200592923900e-01 1.077831068716881592e-02
1.242801856195198562e+00 3.460371739136843816e-01 1.641710889661373782e-02
6.406745807541341931e-01 3.412240076887178564e-01 1.317921128285654692e-02
6.060287698502965226e-01 3.466448460612677751e-01 1.642698547068963816e-02
5.725723308381873711e-01 3.412631722017586133e-01 9.616566898321732976e-03
1.183849651426419347e-01 3.479389392336355025e-01 2.093529651173342554e-02
2.962535499584484366e-01 3.456439132754766108e-01 1.382879211458850656e-02
9.621754921754662737e-01 3.509473348111050717e-01 9.617541598468356753e-03
7.826633776163057776e-01 3.541145631551237405e-01 1.708034572295128589e-02
4.244371204125306773e-01 3.499436189544824494e-01 1.337999352119522735e-02
5.483018096207351588e-01 3.525692546410921224e-01 9.035793777106591179e-03
1.286668494960484299e+00 3.568977432685280227e-01 2.451471166165009041e-02
6.770786981170251462e-01 3.588793148320306714e-01 1.665880755798785848e-02
1.418638055477918325e+00 3.578885649947531333e-01 2.010802061129070631e-02
1.679304951313962957e-01 3.566082837069971534e-01 1.934711419685779948e-02
7.380394219945622669e-02 3.626797116987342529e-01 1.728746446821266894e-02
2.625724459353651064e-01 3.594672305485996366e-01 1.945645871039542243e-02
9.886221390808860310e-01 3.633007159940374042e-01 1.957203118344772244e-02
3.306719846960377018e-01 3.639336400446674946e-01 1.895362981971180846e-02
5.192510291168282999e-01 3.581822197173181732e-01 1.702060437148712399e-02
1.469893423963510193e+00 3.687863292300817553e-01 2.385502377809032779e-02
3.725653413535180425e-01 3.716870620527628621e-01 1.826326292040052549e-02
9.461500192790320840e-01 3.678924136834377800e-01 1.370522580902261769e-02
1.078532575103826385e+00 3.702286512125791407e-01 1.501493851223035039e-02
1.332830673486435247e+00 3.696641118444566332e-01 2.117917233017813788e-02
1.194580949455570584e+00 3.695125610050828957e-01 2.176541487539309858e-02
9.079864615858241894e-01 3.675976797565549958e-01 2.063325495325067996e-02
3.068872984763446402e-02 3.679313584284694683e-01 1.915611101043492720e-02
1.135757871680250997e+00 3.681484352841886132e-01 1.193327046114510404e-02
8.356582513713287641e-01 3.641924643249310201e-01 2.004112994912325002e-02
5.748329723144606218e-01 3.665431304383175437e-01 1.576426816135293243e-02
2.188894539901626857e-01 3.752746825739005088e-01 2.344070791953613286e-02
1.038054006633020609e+00 3.787174986316079184e-01 2.132066039365689697e-02
6.275573854921945305e-01 3.739044577401454683e-01 1.830869820388027550e-02
7.482727664291299874e-01 3.797083829967314861e-01 1.755651998194867822e-02
4.764161003085884416e-01 3.764676849554717264e-01 1.361800596784282918e-02
1.111147986103096841e+00 3.772185188376627196e-01 1.271539923369812211e-02
7.942801980359617264e-01 3.794576287356188904e-01 1.079834667249319514e-02
6.584818111378286654e-01 3.777755288794156230e-01 9.853663293322776143e-03
2.947477578858754832e-01 3.762415599796841148e-01 1.680588421145294553e-02
1.406542465940584796e-01 3.738699300548153914e-01 1.293226263894509120e-02
7.057718339476404257e-01 3.860132749684558329e-01 2.283230329596569463e-02
1.381129539190295574e+00 3.807892411518378761e-01 2.383887646404934599e-02
1.247508456819053091e+00 3.810202407869077157e-01 1.888114966225686378e-02
8.772809148853828454e-01 3.804007096336386451e-01 1.263456992615014096e-02
8.991485252076347745e-02 3.847744924229689056e-01 1.005738452813794738e-02
4.262269320340154044e-01 3.878747070148551579e-01 2.459329797538367321e-02
1.006423070352554516e+00 3.887964118145061376e-01 1.152304333822742020e-02
1.303863610015951302e+00 3.883226833039532533e-01 1.130705320275625543e-02
5.116520825756373236e-01 3.925677454461647398e-01 1.819456804304250136e-02
1.166564592188690019e+00 3.938214242317814029e-01 1.532686337601423324e-02
5.919733259905471945e-01 3.958654601986986155e-01 1.820028316378405342e-02
5.494088783191459768e-01 3.909571444357871628e-01 1.948383299248566611e-02
1.749675086673991020e-01 3.935062827442995514e-01 1.821592471724838361e-02
9.377529047075100488e-01 3.962980811562176742e-01 1.591560263485135296e-02
9.760183536214308564e-01 3.977164417008758335e-01 1.707899313834052718e-02
1.132229679879508621e+00 3.974954858414851966e-01 1.653512560529416670e-02
1.344634185941859128e+00 4.026120004323376911e-01 1.381920289903459248e-02
6.727904485993160266e-01 3.971977276793814404e-01 1.199389032230959232e-02
5.314391638455790573e-02 3.965931686959572877e-01 1.725452988226973405e-02
8.355149515494446621e-01 4.004537502685650008e-01 1.622043914440796444e-02
8.740324308009788101e-01 4.025668031918182010e-01 9.768294901290915447e-03
1.468036205637319493e-02 3.965627060453580377e-01 1.364666182509532456e-02
1.197917633200965337e+00 4.044642268491013826e-01 1.334515908301307785e-02
1.440703405850662255e+00 4.070469696359232947e-01 2.426912568653403351e-02
1.083226141111619967e+00 4.099161437489723392e-01 2.494912816892440321e-02
3.594971596969749883e-01 4.084485218976756649e-01 2.075189184973391318e-02
4.633252227323121364e-01 4.046427182256969735e-01 1.611848622406216250e-02
1.314825210222469121e+00 4.080852975682022210e-01 1.129200876107376746e-02
7.419609515767849883e-01 4.102311378412523135e-01 1.361201495360777648e-02
1.282371071196441559e+00 4.118784821934937113e-01 2.058032496216363402e-02
2.487666535198367612e-01 4.118922334863316381e-01 2.381912795153351067e-02
1.396113923407881208e-01 4.108396762170340999e-01 2.116048307957181865e-02
1.226787082817034191e+00 4.125816753336527531e-01 1.664380707179263785e-02
7.903475494331587692e-01 4.136125594958529605e-01 2.358224407678725584e-02
9.091692534405407811e-01 4.146125587581668270e-01 1.803208078514082977e-02
1.478004785261218590e+00 4.149696903709221840e-01 1.386435579332899806e-02
3.924109413360896137e-01 4.120150429550038518e-01 1.235455909626276792e-02
9.990966688341237356e-01 4.127393181812309964e-01 1.045817176294186295e-02
9.674639254575909120e-02 4.153589234197372360e-01 2.128072898415248743e-02
1.029103977932649627e+00 4.164275752596658386e-01 1.743695683227000637e-02
6.356167165410846476e-01 4.172702923833333521e-01 2.579967323801177215e-02
4.914006432625998566e-01 4.166794536413400696e-01 1.329344977864523915e-02
1.385721271558742584e+00 4.228300736524598369e-01 1.845196892226083629e-02
1.148431966452096997e+00 4.214713586258559963e-01 1.240198838267308167e-02
7.062794644502998764e-01 4.279357861181100064e-01 1.909328113430919932e-02
2.138306923147538785e-01 4.248712652542967483e-01 1.344984910656274978e-02
2.712326572717707607e-02 4.207936444811987142e-01 1.359235851783194456e-02
3.231051273578757210e-01 4.314638954690471762e-01 2.230722377518146171e-02
1.059835955231171134e+00 4.350163251016261334e-01 9.360052810196242343e-03
9.593193648646286542e-01 4.340263375986923022e-01 2.288680180696330349e-02
1.180162146242767829e+00 4.327129166887595524e-01 2.002017914065741880e-02
6.724366134504586867e-01 4.290184815845802246e-01 1.284906229014264045e-02
5.920113824206258979e-01 4.353632213867513756e-01 2.129749635811209810e-02
1.334628158788670138e+00 4.380655016570490501e-01 2.301924615193607498e-02
7.444237995975380162e-01 4.404348021381040978e-01 1.669189498108952091e-02
3.630076858041587085e-01 4.410096007519448413e-01 1.199788142739202472e-02
9.220902825149340787e-01 4.417167055632165162e-01 1.199437032668723008e-02
4.556475969595094599e-01 4.399376970135882581e-01 2.000188842993191538e-02
1.001026926825462793e+00 4.381811490097834438e-01 1.505677781219564096e-02
1.215204417060231856e+00 4.405746967682028226e-01 1.365086894675860037e-02
8.703852294981345716e-01 4.364180574421229197e-01 2.427887079076399349e-02
1.417643071971835589e+00 4.409204735089222726e-01 1.670883501476294955e-02
2.733413894950214029e-01 4.419132021919053854e-01 1.497747254736425324e-02
5.354474255765444557e-01 4.390525432755321700e-01 3.059699719470311205e-02
1.464729047916039306e+00 4.424389076070425197e-01 1.664471003346026934e-02
1.041882923581198162e+00 4.451506030731183783e-01 1.125583755205599064e-02
3.996370956921603823e-01 4.457033606642339940e-01 2.210004954838429639e-02
1.113990607523158705e+00 4.459328827931752226e-01 2.241813779571514773e-02
7.850043183355480680e-01 4.471886403018412448e-01 1.041633414131958903e-02
1.286866853226244389e+00 4.508902274127148946e-01 1.868961673767758486e-02
1.244813322736591843e+00 4.498257128392268989e-01 1.736958549378639707e-02
2.407972050449902479e-01 4.509569737408279932e-01 1.605023422225228258e-02
7.121670623645261211e-02 4.458717387898505358e-01 1.850364966956296459e-02
8.139046771799400837e-01 4.475364349615759130e-01 1.771869531073822987e-02
6.554112634018426364e-01 4.514081829482146646e-01 1.366194935461047429e-02
1.147441528379118114e-01 4.484548594265446719e-01 1.639234303951555421e-02
3.367577757441574116e-02 4.504866526713429686e-01 1.681504431253453072e-02
1.364924582510258944e+00 4.543653122724435889e-01 1.138361879294573498e-02
4.835272396583680243e-01 4.557924491574180115e-01 1.207064877182829205e-02
1.941065872025374284e-01 4.560045863359768470e-01 2.340559830698448612e-02
6.280390511560856037e-01 4.547981457990518672e-01 1.248558234006508227e-02
9.383243902924006674e-01 4.587013182459587779e-01 9.511402267205299951e-03
3.053264887341587408e-01 4.670381829539120844e-01 1.746223588130043844e-02
1.392320751201080231e+00 4.656045446120560261e-01 1.822837881815316322e-02
9.093683034111144092e-01 4.666596414635014178e-01 1.600560830980006857e-02
6.936192481971250601e-01 4.628600786193574623e-01 1.805489893268519622e-02
1.203518662404456041e+00 4.670362189347853077e-01 1.527609109482756106e-02
1.154853809825697297e+00 4.657970490126654983e-01 2.163401277114586005e-02
4.342428752361698896e-01 4.655571576273671575e-01 1.338252221627499183e-02
7.607637670758528037e-01 4.696859793134304795e-01 1.681371504670611805e-02
3.573364319324615623e-01 4.707361346157815096e-01 1.826480080725251254e-02
9.965548845227145680e-01 4.736076043957636039e-01 2.065082506971751761e-02
1.318069651854964608e+00 4.687303046100186332e-01 1.183063608628714784e-02
4.622629007136156987e-01 4.683044939800740103e-01 9.126060586380902243e-03
1.432628745865212494e+00 4.725949538310166842e-01 1.833175752750695192e-02
9.582067049219191723e-01 4.683809523729025592e-01 1.148582637932025335e-02
1.555023113864036632e-01 4.722588762585619437e-01 1.848105890238926907e-02
1.469444636135806226e+00 4.752848778366756677e-01 1.653803446702294469e-02
5.820572431018791182e-01 4.713876878748586297e-01 1.607692103306313652e-02
8.494802649474536560e-01 4.722036801122760918e-01 1.716540906491462182e-02
1.462328174911811142e-02 4.734236951957514483e-01 1.300282812899802333e-02
1.053081859645404572e+00 4.784568222865455134e-01 2.388275102607342187e-02
7.274538311215496267e-02 4.804109908542633089e-01 1.606941479049537116e-02
2.367036391362908054e-01 4.800423055646043102e-01 1.332175599203254748e-02
5.181657843192437607e-01 4.772548465267325013e-01 1.133236123400063744e-02
6.090949838927899318e-01 4.791190356629618785e-01 1.204447946010383727e-02
8.791401726335369426e-01 4.837720832871084120e-01 1.467070369971875884e-02
3.789926879049901887e-01 4.894717541021826324e-01 1.037113571116599769e-02
2.711285589488994230e-01 4.848357114162521464e-01 2.108968263082200423e-02
9.323814967465313686e-01 4.916240507097145995e-01 1.794772431758268061e-02
1.102769815682949073e+00 4.845841107109813972e-01 1.782889425728864316e-02
1.295934715780579172e+00 4.889623986451363535e-01 1.815757866656164676e-02
2.077919864596776134e-01 4.884079676054263741e-01 1.176924029279658064e-02
1.200666879431012912e+00 4.919553573711800132e-01 9.805697647999822575e-03
8.024962014105917474e-01 4.879211298369326433e-01 2.424649144632834083e-02
1.344596041156200128e+00 4.908115907856410720e-01 2.268360052022695694e-02
6.548139320600931956e-01 4.896112188261379505e-01 2.454575608580730761e-02
5.493034686454549842e-01 4.848757115067930945e-01 1.727525652577616838e-02
3.309711908041439443e-01 4.931616755626737625e-01 1.634778110330527973e-02
4.832992610022204816e-01 4.925796893492057071e-01 2.299579434762780844e-02
7.345703228287623343e-01 4.955223699294990514e-01 1.997780030114972016e-02
4.056562798458497321e-01 4.950055079228370958e-01 1.686063923165177433e-02
1.244857823620286963e+00 4.969279617324300347e-01 2.973268442100551398e-02
1.383000362345181866e+00 4.960652987410356096e-01 1.362640403358360459e-02
1.052802348693269163e-01 4.941265638802601057e-01 1.923828298623040875e-02
1.414242564196045215e+00 4.932241147228380029e-01 9.301808211866499990e-03
3.833180429245140741e-02 4.935882135938922666e-01 1.812114725038920654e-02
1.140839208518642733e+00 4.955312448955468407e-01 1.123742550887549783e-02
1.486298294684513133e+00 4.999887580407184062e-01 1.336727448660761375e-02
1.025957638484768619e+00 5.019594067845873919e-01 1.200728730852142906e-02
9.816569556459402435e-01 5.030970865091387578e-01 1.238821002715690539e-02
1.448335648338367365e+00 5.069542534161241010e-01 1.944744645140667610e-02
1.705138144137194889e-01 5.015311504192133674e-01 1.441592055888429175e-02
5.814406193120593702e-01 5.014839464040727890e-01 1.402565364677901133e-02
8.507962610556355498e-01 5.045494863035345778e-01 1.520715685005730525e-02
3.604684786033021671e-01 5.157531716087369045e-01 2.080683746701050135e-02
1.178376101541464216e+00 5.104722591618706673e-01 1.917281906433863578e-02
4.477368017326885941e-01 5.101711465423122149e-01 1.667973810593874687e-02
1.115730317577970698e+00 5.111903122348491202e-01 1.176611493175404310e-02
2.172880254594824201e-01 5.154820951662180128e-01 1.692192803238375468e-02
1.317288270525621474e+00 5.122445097744547926e-01 1.203072437877322765e-02
1.359779592890295562e-02 5.106396102460366571e-01 1.192084498575990414e-02
3.085577409863219933e-01 5.162626007484893975e-01 1.583941320090018548e-02
9.114668967681260892e-01 5.221312679596781248e-01 1.904025746830536811e-02
5.110939239552330093e-01 5.234334779037511653e-01 1.853129990227329882e-02
1.287737584709677030e+00 5.215754179357872111e-01 1.546982065372352021e-02
1.011481835262941775e+00 5.226542380257153120e-01 1.324790857303566848e-02
2.767157815291028666e-01 5.177659542380772528e-01 1.231118484990516987e-02
4.095995673299633877e-01 5.234068717247460922e-01 1.181316382951810157e-02
1.209045127517737406e+00 5.201037034619255817e-01 1.292483785638238666e-02
1.378379535315697457e-01 5.195782226441898466e-01 2.208715685807465662e-02
6.215047966686489955e-01 5.193595842877734015e-01 2.011366339278185950e-02
7.827023386578658981e-02 5.239473526989903984e-01 2.099627429954771529e-02
8.170856802729778989e-01 5.220413446735637786e-01 1.286202447621798486e-02
7.063413567037639673e-01 5.265133953175913373e-01 2.194257878935577250e-02
1.042954866154440774e+00 5.241747549481864388e-01 1.596461721163223643e-02
7.506431060607542394e-01 5.242649939532353365e-01 1.295353426932384887e-02
1.392783024906020239e+00 5.306780316409440701e-01 2.234221792472385060e-02
1.429052192414652422e+00 5.319331081842881837e-01 1.210877096910947977e-02
1.345312976283576267e+00 5.294224562939970902e-01 1.593392051985564190e-02
5.556980483873366072e-01 5.279416811426399514e-01 2.288900042597048420e-02
1.483394063499513083e+00 5.255558387699797995e-01 1.236422713674304244e-02
9.688451933312502984e-01 5.368982295932648308e-01 2.375952195427830094e-02
1.089554362115983110e+00 5.324350939416868655e-01 2.194621803585805608e-02
1.924085787914311951e-01 5.363824801967794764e-01 1.557134759403041788e-02
6.720832444852651300e-01 5.320256602118378364e-01 1.275617215415229128e-02
1.127457318321439139e+00 5.363202535682785044e-01 1.596539238138911659e-02
8.781779384811715383e-01 5.348192209192642599e-01 1.658471823884802646e-02
1.157979587451669179e+00 5.364807346204675254e-01 1.387954216289656595e-02
1.457676037246528944e+00 5.377365074378916976e-01 1.272070592973480185e-02
3.271347832889522356e-01 5.389221799584378303e-01 1.346183303003061459e-02
6.480765784011293107e-01 5.362950602251230769e-01 1.139617522411880308e-02
5.964577424992981713e-01 5.385884704122096966e-01 1.146330581182884722e-02
1.237157542305002744e+00 5.371507730637247180e-01 1.122056799839875330e-02
2.140783268829502678e-02 5.396315224313703585e-01 1.810460499163699458e-02
9.368349425868488511e-01 5.447787000087381815e-01 9.206490341548507692e-03
1.309620755827626271e+00 5.439900743496144386e-01 1.585572802985699484e-02
8.409171444549684571e-01 5.407456100703813551e-01 1.743299539656124192e-02
1.642596278130071807e-01 5.424537146110945951e-01 1.286127664848320251e-02
2.583422141399226990e-01 5.492692739049502837e-01 2.415862634562933667e-02
1.027927169920211270e+00 5.550277838187636092e-01 1.835361474452982741e-02
3.776366508003741185e-01 5.512634046106621444e-01 1.863581437638532623e-02
7.267136569843444249e-01 5.559210579090275717e-01 1.383229001283403474e-02
1.192306117197485360e+00 5.527901665418357702e-01 2.379844270480710108e-02
1.272006948882684396e+00 5.545681148832831697e-01 2.108111579653406883e-02
4.267779106849589055e-01 5.527826328806443312e-01 2.221668812300287704e-02
9.085341574313526847e-01 5.506151182033639513e-01 9.594174335419617880e-03
5.582219774109326016e-02 5.512756063384198768e-01 1.436963828356714948e-02
7.772927640340813182e-01 5.588873462056180852e-01 3.073755802170704057e-02
9.950456607636952722e-01 5.620412421753706589e-01 1.255350016427504017e-02
2.963001778787464069e-01 5.639866893972507178e-01 1.655266606778911520e-02
1.369825984693328946e+00 5.585104811548042836e-01 1.373645917503554630e-02
1.443912759452641748e+00 5.629983259509259153e-01 1.604711098808468336e-02
1.137100575548316783e+00 5.628498156526785534e-01 1.226243208904722812e-02
6.514158358498384205e-01 5.588905333108393769e-01 1.144471014129736994e-02
5.618504056207849207e-01 5.621825233541788425e-01 1.190017569079707994e-02
4.931831350113397572e-01 5.652334458879080259e-01 2.694433845574451328e-02
9.695401042790279256e-01 5.719364102231030422e-01 1.128554906968320080e-02
2.032839267101135550e-01 5.708313735964588576e-01 2.055342851343997315e-02
6.894641794131485257e-01 5.655296909884464096e-01 2.056754284272675759e-02
1.157123001312909960e-01 5.665722032829092480e-01 2.985491428528277286e-02
6.143135919703991421e-01 5.672241526031827075e-01 2.228330371975259863e-02
8.131674652805187531e-01 5.768147530068439277e-01 9.367131281886624181e-03
3.351047149856223872e-01 5.735724199011726920e-01 2.209317982805572914e-02
8.805792351984381705e-01 5.748936842120493385e-01 2.356162448535454798e-02
9.346091809672953943e-01 5.745898532581407148e-01 2.068763739027268400e-02
1.093667570822955959e+00 5.724173496054156818e-01 1.824705570275257649e-02
1.298093710120247213e+00 5.753261722345601736e-01 1.225679140929568367e-02
2.336064971533012014e-01 5.723695049567222304e-01 9.686260557527649404e-03
1.337550099201445741e+00 5.761115133914991304e-01 2.302668976629330261e-02
1.052184950739234237e+00 5.811994442523104043e-01 1.733105619570215333e-02
1.387570173510734417e+00 5.868808368082543137e-01 1.972595730511389131e-02
1.206811565908673334e+00 5.824621313876766626e-01 9.229326522401173905e-03
1.235337883194066233e+00 5.868476480844732057e-01 1.963212760875422333e-02
1.275964771809680043e+00 5.872223819921015275e-01 1.181212853623900098e-02
1.469427474298416358e+00 5.851474950138928488e-01 1.774025889832530484e-02
4.444950813565485270e-01 5.836758780120718804e-01 1.339638154750865534e-02
7.750399848813185888e-02 5.855085360316475418e-01 1.278847925258629406e-02
3.945044691347355387e-02 5.860608604658970044e-01 2.407575324617058921e-02
3.905326158765095035e-01 5.885062003403054298e-01 2.077651553450469979e-02
2.653211563906784920e-01 5.897695207197377609e-01 1.693852230239838164e-02
1.432005252082991564e+00 5.950572592402956218e-01 1.815177693843324225e-02
3.605599305538910171e-01 5.914319445604090397e-01 9.002328218620337524e-03
1.179661309567255456e+00 5.946977033074201113e-01 1.997521144656954142e-02
9.966628375504464898e-01 6.013957917968988376e-01 2.683426236005391138e-02
7.456319008397706005e-01 5.980945811146203273e-01 1.965706001850180476e-02
2.981250719650235803e-01 6.016868770169285785e-01 1.796305729112365746e-02
2.396459724072336761e-01 6.013336590276452398e-01 1.122074557494806557e-02
9.135658754986861751e-01 6.036643380659236779e-01 1.520311868818302603e-02
1.310763254625949337e+00 5.978526346105483835e-01 1.147275072443341114e-02
5.251625358147736788e-01 5.998147068237413837e-01 2.015710190077612748e-02
6.653912268759716309e-01 5.963404386280202196e-01 1.853244710569480758e-02
5.837295128132514721e-01 5.970580646992088569e-01 2.044196057251468357e-02
8.243479175825676464e-01 6.090036176584852079e-01 2.470816066462598257e-02
2.008579033168048644e-01 6.077001706579816531e-01 1.639510036483381519e-02
9.530047291433692003e-01 6.100027735237025794e-01 1.766417091719355709e-02
1.113911299690757417e+00 6.087983925335160862e-01 2.338693093087823929e-02
7.785278974416749431e-01 6.117069217007751192e-01 1.594409738776775970e-02
4.766713692872215358e-01 6.119799496447275722e-01 2.263261204360063686e-02
6.276891670286368630e-01 6.056977603665683052e-01 1.844904831728795200e-02
8.673816216430656478e-01 6.071790853568597157e-01 1.131708149176379082e-02
1.316753754373616025e-01 6.093346420517746775e-01 1.578986573048948155e-02
4.196263772174721463e-01 6.106508579168651307e-01 1.578620876426684028e-02
9.121241982579272878e-02 6.072248228034418105e-01 1.289260185249259567e-02
1.401682093763789369e-02 6.083499411500525866e-01 9.742473319152121156e-03
6.705110497413216408e-02 6.047166971034938499e-01 9.079681039880176455e-03
1.030862571447844767e+00 6.121663529719325592e-01 9.021375783451423408e-03
7.119654173199739811e-01 6.191365455324104872e-01 2.004427974665328599e-02
1.685665602656261364e-01 6.149622119046563862e-01 1.670275574575609198e-02
1.284065837865778326e+00 6.144714158511532798e-01 1.661562405690527114e-02
3.408979026168803550e-01 6.129788474863158143e-01 1.773680332476635507e-02
1.155906681386373869e+00 6.161132691942261541e-01 1.200773435684362490e-02
1.466920833232543631e+00 6.197953947383563200e-01 1.699819536707916634e-02
1.397708206661203212e+00 6.219826557397014621e-01 1.681056426517398006e-02
1.060753363884586964e+00 6.268343185240848880e-01 2.427440001372038053e-02
1.236932097687235110e+00 6.249717377888694969e-01 1.852527974079046930e-02
1.361746034872777233e+00 6.246461100390789944e-01 1.925010390036524868e-02
1.322938101945119183e+00 6.243959632505888813e-01 1.772956429575438253e-02
1.183306824988645589e+00 6.263179456183922689e-01 1.185448391000251331e-02
3.810150460201424116e-01 6.221368231950996641e-01 1.417492119665464054e-02
2.804085532378744472e-01 6.259693160177548510e-01 1.209541704870737040e-02
1.433765326989294930e+00 6.243631806986196242e-01 1.120695083027720661e-02
5.434066364451691777e-01 6.259702653950849349e-01 1.173271547077646068e-02
3.086671196284481722e-01 6.293650002294686185e-01 1.165472914720537545e-02
2.386083060142559220e-01 6.313422326788935557e-01 1.880576344833856037e-02
8.948318486136804806e-01 6.285747693828536153e-01 1.596566941343551677e-02
2.043535575828270834e-01 6.356550109980616536e-01 1.177745183028900203e-02
1.265836547084205455e+00 6.332854049156380061e-01 9.581193057349073408e-03
1.206762454308265564e+00 6.314757018459136173e-01 1.216153149809445951e-02
7.414557807228266961e-01 6.395445413941179824e-01 1.581890233084490283e-02
1.013954265867988980e+00 6.410787779134887732e-01 1.645237391940501323e-02
9.302330164067857954e-01 6.363455667524217096e-01 1.715670868181326178e-02
8.018379236668264909e-01 6.389182466794380844e-01 1.272958573587124921e-02
9.786104350830102661e-01 6.391213890420048838e-01 1.498809915082023256e-02
7.769207072362046551e-01 6.389743389563394826e-01 1.137064412932527711e-02
8.332552606724603628e-01 6.440637881158541855e-01 1.146581220843330938e-02
