1.499553916750441876e-02 4.891141925330756701e-02 1.143893973459440654e-02
1.164807858447366486e-02 7.175446901707685510e-02 1.164807858447366486e-02
1.305036046434907525e-02 1.628762419191597810e-01 1.305036046434907525e-02
1.549251094982941751e-02 2.277795504102956836e-01 1.600555821130944870e-02
1.263608816707832878e-02 2.562784057583757935e-01 1.263608816707832878e-02
1.442061874565748331e-02 3.874556311047345769e-01 1.442061874565748331e-02
1.733511365586663799e-02 9.269770611486441436e-02 1.005356992519948131e-02
2.005577121035177074e-02 1.343321066623356652e-01 1.634085314244300077e-02
2.128376594622954920e-02 1.955382883420582474e-01 1.675169463727502542e-02
2.004692808735910464e-02 3.557957669156677771e-01 1.773528828988846229e-02
1.791991652068812904e-02 4.196062941833619830e-01 1.791991652068821925e-02
2.744461850556175614e-02 3.209841160370877633e-01 1.785371085894554843e-02
4.139515829846737716e-02 2.451035529029829685e-02 2.451035529029830032e-02
4.415109956422846871e-02 1.113367893450205037e-01 1.696634528380036935e-02
4.691174055470903603e-02 2.903253155523645157e-01 1.846337724071440284e-02
4.716377652097522577e-02 3.784714444645962961e-01 1.761311791569158264e-02
5.165242814688482398e-02 7.149222712103782407e-02 2.357818664500360706e-02
5.532143117489494305e-02 1.714973699340825164e-01 2.491997934059204944e-02
5.071327309154931989e-02 2.532567564003319061e-01 1.879960341350052355e-02
5.011922781817002015e-02 3.455558583249074833e-01 1.403260334690193192e-02
6.304430610094996501e-02 4.033243023122443649e-01 1.188019934323768061e-02
6.529172789845874569e-02 2.162737759938100912e-01 2.095303403744444917e-02
6.466973565296786630e-02 3.195589925064014070e-01 1.574121686830511069e-02
7.846838945368396490e-02 1.401881421147888225e-02 1.401881421147888225e-02
7.434351482700418678e-02 1.315209060945313757e-01 1.935142596331468692e-02
7.982713006128328015e-02 2.942185319501637863e-01 1.378649124545587232e-02
8.663354744652121409e-02 4.415356523673909239e-02 1.720254105062361816e-02
8.533731791305652903e-02 3.577030558395568050e-01 2.322150082151749895e-02
8.996463848150713927e-02 8.145585118945722347e-02 1.600841797450281573e-02
9.195870251924934125e-02 2.628614580707376858e-01 1.983554219368440993e-02
9.609027934040678676e-02 1.569419206829388569e-01 1.410226963979338728e-02
1.085609138896220793e-01 1.614901255674763836e-02 1.614901255674753081e-02
1.089053185331861351e-01 2.284856563825311826e-01 1.849047424464009617e-02
1.067211289485081177e-01 3.215887007945495424e-01 1.874889368123577871e-02
1.189665535573033450e-01 9.421116276697147351e-02 1.567452777716561371e-02
1.132965473981435850e-01 1.287557463878618302e-01 1.892069330823952303e-02
1.120983679264781208e-01 1.927385816339274860e-01 1.739892415530890774e-02
1.147609606319788395e-01 2.914685995991384004e-01 1.242576573182513355e-02
1.211024781523803023e-01 5.184647609177350791e-02 1.811442458105008702e-02
1.236831538039586259e-01 3.743955848896999283e-01 1.860006844915750024e-02
1.322586647724600661e-01 2.684215967722614615e-01 1.651095815824035751e-02
1.381807989771287604e-01 1.358190770974605430e-02 1.358190770974605430e-02
1.394443437330608326e-01 1.636465313347879591e-01 2.252788116920799097e-02
1.404539740834558903e-01 4.051558663852466435e-01 1.643499014266548708e-02
1.469643950247698783e-01 2.428126325108323491e-01 1.302000106757642342e-02
1.485882441091613826e-01 1.246900854082101384e-01 1.660441690895651801e-02
1.514343806121638547e-01 3.449092061150987876e-01 2.189162357031358003e-02
1.532139015277752259e-01 2.069798066012456250e-01 2.294049759208689407e-02
1.547886969181415107e-01 2.974118337196171025e-01 2.020465414428379222e-02
1.605904654590138980e-01 4.129108946030889127e-02 2.205503807850929879e-02
1.717017063781774155e-01 8.684443933985722119e-02 2.483384503905108204e-02
1.743676408560822233e-01 2.604543177651066355e-01 1.957090166159352121e-02
1.834508471129759621e-01 1.674962504877005320e-01 2.164668931294591592e-02
1.761054168420775334e-01 3.904249240813665311e-01 2.213995032302442517e-02
1.891071759169384303e-01 1.603675093059795526e-02 1.603675093059795526e-02
1.874688367811796486e-01 2.259135802460545406e-01 1.619884800346170842e-02
1.893446267005929051e-01 3.595633997279440441e-01 1.144144874096187856e-02
1.990049245189900451e-01 3.152306117205906366e-01 2.746696878485528973e-02
2.009082573946221195e-01 4.501730854824333161e-02 1.525443383240825818e-02
2.001436605197390306e-01 1.120041229187289655e-01 1.313923006923639614e-02
2.078373092033612701e-01 1.356172154847905265e-01 1.169563193159610381e-02
2.019003147419992095e-01 1.981161939369462388e-01 1.410193013773192519e-02
2.151190297502871829e-01 7.438268707509337885e-02 1.736874055283084070e-02
2.126257017028519991e-01 2.470030703982871723e-01 1.662849498326790174e-02
2.132913770610838089e-01 3.517955721322720830e-01 1.178986573023683981e-02
2.176487845817478561e-01 1.778986044853548831e-01 1.152550097673155777e-02
2.301079495605141412e-01 4.580562457879287785e-02 1.395589764032372643e-02
2.243051254464351607e-01 1.017053243689837183e-01 1.145678394946183717e-02
2.314272621419717346e-01 3.364098592401124632e-01 1.125987594114564658e-02
2.295227742380686331e-01 3.797222798542980726e-01 2.051120636510539094e-02
2.345256011198895985e-01 1.608814282169566262e-02 1.608814282169566262e-02
2.352076243895775132e-01 2.888766371864803228e-01 1.731212736127487814e-02
2.348976470633786506e-01 4.193807197673399267e-01 1.950980204578560070e-02
2.345371867676338817e-01 2.082438523808774200e-01 2.007020589697602539e-02
2.430829195893860761e-01 1.540824763017025478e-01 2.331848251033441857e-02
2.480316372897347077e-01 3.500302549231143479e-01 1.021616774965516949e-02
2.567106537684272771e-01 8.072817183495725746e-02 2.470415292151901046e-02
2.570552711058833317e-01 3.914351438067495970e-01 9.409180760479493241e-03
2.611590850609855630e-01 3.190441071774798298e-01 2.248177363671090626e-02
2.651791313480136303e-01 4.525617876405911566e-02 1.176470235168367018e-02
2.647823953407744124e-01 1.838615415617861071e-01 1.352795525031493147e-02
2.642281941415549618e-01 2.602490427022676744e-01 2.345222759108408356e-02
2.659701883455797278e-01 4.126839137019775450e-01 1.227620168559222583e-02
2.704369970904687559e-01 1.205256744568759947e-01 1.739399093229217902e-02
2.700000762258806808e-01 3.670705284554273695e-01 1.758640823436513276e-02
2.837004845422355093e-01 5.747409360909219722e-02 1.042353704006599921e-02
2.820287499564755884e-01 2.232170225341821024e-01 1.763585225027139089e-02
2.946034847855200089e-01 2.433762874062089104e-02 2.433762874062089104e-02
2.908934068449011701e-01 2.879127476654753104e-01 1.497060599528866193e-02
2.897960000578930773e-01 3.951256018705268658e-01 1.674966237206068631e-02
2.943560408804763440e-01 1.317340676183111625e-01 9.020942970513770587e-03
3.030354485474304749e-01 3.102929646519388407e-01 1.049119459043487690e-02
3.083522804433673214e-01 9.643949207044036354e-02 2.752496824624655475e-02
3.066992545090943545e-01 1.619106997839581397e-01 2.358249322174149273e-02
3.117196140071644139e-01 3.379199001071905295e-01 1.846847205786546209e-02
3.164211429515194074e-01 2.042905815687561799e-01 1.989818633804017051e-02
3.137982914076360430e-01 4.220644169197333984e-01 1.933093831990814054e-02
3.148258955432777229e-01 2.928107673607699968e-01 9.457955407983062793e-03
3.224814027755016910e-01 5.417047391025422987e-02 1.649344964792353804e-02
3.240236099556596527e-01 3.655424383756554207e-01 1.177045875480374308e-02
3.309844167143835003e-01 2.440099308933768307e-01 2.240684472758331866e-02
3.418604588899259999e-01 2.149579322295763761e-02 2.149579322295766190e-02
3.398904767614840394e-01 1.212769860934929250e-01 1.261925844135128663e-02
3.368378773265048309e-01 2.775746689461129346e-01 1.166447226613512127e-02
3.395615302591602491e-01 3.832159470716738348e-01 1.176206930714012062e-02
3.422669437050372410e-01 1.785385551961189976e-01 1.568003459228136526e-02
3.579497860168758261e-01 2.652521084142500651e-01 1.192042209411526416e-02
3.561390361081457900e-01 3.010147333660198599e-01 1.869950886815461774e-02
3.560450857385675238e-01 2.216848359430620974e-01 1.115573855321116276e-02
3.611174166008074837e-01 9.820144408750973442e-02 1.873458683816987130e-02
3.623734394303822492e-01 1.473712115780622944e-01 2.141005139520776174e-02
3.649419694411818460e-01 3.364259644446667696e-01 1.778948840186098806e-02
3.695000886739905344e-01 1.968794302251921646e-01 1.706385139456050720e-02
3.761405228888420327e-01 1.366689258197202779e-02 1.366689258197202779e-02
3.778036609325650108e-01 6.309464083788322852e-02 2.013594678702103000e-02
3.810914270226535283e-01 3.684559918904298237e-01 1.808149762239109545e-02
3.846378118226287390e-01 2.729103981323882100e-01 1.584466610699574937e-02
3.871767006221297769e-01 3.076181712731769213e-01 1.303284072459220781e-02
3.901281123678695395e-01 1.218525199679780097e-01 1.629307170298499238e-02
3.896711477461148321e-01 1.737272199666808903e-01 1.364276782582002009e-02
3.924639384806937747e-01 2.312533234501542578e-01 2.427502780391218445e-02
4.028048610646142724e-01 3.909786237373301110e-01 1.320335755076876630e-02
4.032862329416687097e-01 9.918486343826371510e-02 9.916826991663485816e-03
4.123611644172414659e-01 5.011917947666849615e-02 1.677724387200764736e-02
4.109738977112842861e-01 2.903822027172898168e-01 1.575997556772714900e-02
4.163708325194632742e-01 1.515837526870170149e-01 2.104449655408920788e-02
4.183161732808043931e-01 2.631743173727495444e-01 1.242118898344819061e-02
4.189306488723938959e-01 3.517675691122075787e-01 2.327439875307822648e-02
4.279043786902869684e-01 1.847668100674636910e-02 1.847668100674634481e-02
4.306330741525564165e-01 8.079610049011949624e-02 1.892900443611076830e-02
4.292932553407683982e-01 1.938535089687638269e-01 2.315642320659972234e-02
4.347323793636845291e-01 4.044989149746538448e-01 2.146888927402640715e-02
4.472475889181647957e-01 1.160145500401415786e-01 2.001173630676762391e-02
4.428446786586828776e-01 2.526481908295386547e-01 1.427051227511349531e-02
4.457828487250609095e-01 3.289275809966256681e-01 1.197763230964910518e-02
4.535194646053108403e-01 1.469854922378197037e-01 1.158787896378485859e-02
4.534725389681847352e-01 3.007269417484563778e-01 1.725261555177999215e-02
4.574679244580820980e-01 1.182576077983641706e-02 1.182576077983641706e-02
4.581614420995642756e-01 2.235900580729309473e-01 1.828793176926230696e-02
4.625286304115627245e-01 4.650628404188648923e-02 2.322205567821400765e-02
4.636090372374639390e-01 3.619529087459389949e-01 2.255026196966456592e-02
4.679665103396884462e-01 4.074423856351372941e-01 1.189533529750094916e-02
4.708401847178670940e-01 1.808629837993132594e-01 2.037403836738032464e-02
4.730524109959744483e-01 2.737450825107592967e-01 1.608493259662951633e-02
4.803438955876349614e-01 8.576138123088289378e-02 1.988648557072325226e-02
4.823849484095746321e-01 1.312511926627693906e-02 1.312511926627693906e-02
4.866311440505736163e-01 2.444567402253110810e-01 1.619801933155757059e-02
4.885056610808237720e-01 1.382572814405965134e-01 2.447062360556703786e-02
4.903650702825202434e-01 3.180864985973864134e-01 2.352008463805856792e-02
4.924324803625617641e-01 2.069334979973851130e-01 1.347709073874798526e-02
4.996843691803962151e-01 2.779318587140144903e-02 9.555756751599928447e-03
5.025583041927037531e-01 2.820027747080322555e-01 1.455470209051546761e-02
4.996744619297063261e-01 3.800044214908830931e-01 1.778051995447729045e-02
5.068229458581974267e-01 1.075368381759311959e-01 1.129624033290153873e-02
5.088397490687268654e-01 1.702204082239782423e-01 1.341230933355895896e-02
5.123417694662486532e-01 8.547504082385150304e-02 1.144535847679110756e-02
5.128591934393147422e-01 3.435514551428488494e-01 1.045710754221627556e-02
5.134397954811175113e-01 4.049858377406249654e-01 1.074237550907048561e-02
5.215296583159390043e-01 2.357976568367229353e-01 1.665609488888922587e-02
5.209811591802222530e-01 2.637955229430578585e-01 1.134714345616900932e-02
5.221274396382061811e-01 3.255993211770364382e-01 9.118705324198290996e-03
5.293948595645422417e-01 3.726904526317755817e-01 1.282660627528748459e-02
5.336699347232263246e-01 6.852186876765785362e-02 1.579983698948981760e-02
5.386135082263961982e-01 2.962634835489912910e-01 2.421829823906695989e-02
5.385987015162227998e-01 1.705217094026238167e-01 1.634816837047958077e-02
5.431236999408615151e-01 4.039467190279539821e-01 1.895971114615014122e-02
5.432356485930771584e-01 1.078067798371697417e-01 2.463291111868746996e-02
5.419971470192059826e-01 2.061879695009598001e-01 1.933906697961768409e-02
5.474809467876298186e-01 2.557645644059277634e-01 1.608755749165743584e-02
5.462665040985094089e-01 2.730189794668441000e-02 2.730189794668441000e-02
5.485884814253729758e-01 1.440197922701524358e-01 1.197357859013141457e-02
5.526287118427276601e-01 3.492872460487234654e-01 2.015099172780478523e-02
5.557933524937173075e-01 2.313836246322902301e-01 9.386467358177896098e-03
5.681860077298245271e-01 6.477234477084345410e-02 1.610891896160893816e-02
5.697571485697358051e-01 3.810773044954748334e-01 1.595982605245311811e-02
5.720098100446399103e-01 2.915979523918787453e-01 9.502320914697338569e-03
5.726262759795949231e-01 1.956029758264102303e-01 1.306750074919907877e-02
5.816478829950957330e-01 2.204709270569645552e-01 1.226065144528989959e-02
5.806069843865239166e-01 2.699136266238595927e-01 1.382408881072607829e-02
5.814552607051860500e-01 3.295941729215836058e-01 1.476013899737481025e-02
5.826921561656955850e-01 4.108200603563235132e-01 1.647389016548259089e-02
5.992911961837693591e-01 1.301937986334936181e-01 1.178648434734677966e-02
5.881346171952961388e-01 1.636861569640801484e-01 2.241759434090044925e-02
5.943984999069716890e-01 3.538943996601143782e-01 1.277217766102950111e-02
6.026227640414565379e-01 2.908248394451391425e-02 2.908248394451568714e-02
6.155602893214406901e-01 6.939005249481118576e-02 1.175355404670753827e-02
6.062902591318899415e-01 1.982950769536404034e-01 1.666443064468067781e-02
6.149478364958664844e-01 2.419265124046078297e-01 2.719256101978661730e-02
6.100319980890684946e-01 3.816165309426793883e-01 1.905427090392026665e-02
6.151470016273147268e-01 3.140197924386943229e-01 2.235717143575925714e-02
6.206311128458403825e-01 1.032468552484390456e-01 2.248087809278717306e-02
6.384132354855985847e-01 7.314000428504778550e-02 1.140501427715474858e-02
6.369843605426507294e-01 2.793092346387908154e-01 1.620186619964537889e-02
6.453748858804776445e-01 1.285953808477842963e-01 1.294230716842703632e-02
6.467201868727278091e-01 1.567991465863300404e-01 1.529352532495831252e-02
6.361814919278308000e-01 2.041488201230802213e-01 1.379459276636934954e-02
6.458123893836255069e-01 3.483510687663818883e-01 2.367545330510181095e-02
6.449172119370326639e-01 3.942678795252576585e-01 1.805414817014021692e-02
6.545227681661848207e-01 4.470185868560017789e-02 2.127900579875171422e-02
6.581488005936902974e-01 2.368218370473413048e-01 1.630894481029408066e-02
6.588656618407046084e-01 2.994540482088093869e-01 1.354044138176157923e-02
6.660397737737056012e-01 1.271657709733179688e-02 1.271657709733179688e-02
6.666221025842645753e-01 7.433275722041152167e-02 1.072699428468286767e-02
6.712178341243012492e-01 1.831121659293617199e-01 2.065796571240039251e-02
6.763804298738198550e-01 1.065397698487671740e-01 2.292588989978400216e-02
6.740064338560820545e-01 2.654304780135083308e-01 1.640066953496478741e-02
6.726813843252237302e-01 3.203594560392002966e-01 1.151769630491052132e-02
6.759410180690611503e-01 3.767078969971503488e-01 1.759454792530091086e-02
6.924176445168332972e-01 1.667897148186996831e-02 1.395724216800348430e-02
6.897746236760592398e-01 1.443019364713011288e-01 1.714137423990946818e-02
6.890035139687051835e-01 2.206329414447579518e-01 1.853490225465649968e-02
6.985045913746829038e-01 5.205497248061696780e-02 2.193861231010629104e-02
7.022021556120453534e-01 1.919081972086334742e-01 1.155070306359542824e-02
6.969723918895295300e-01 2.989757215644203159e-01 2.084458341356812058e-02
7.046066771819761154e-01 1.678785606751854176e-01 1.071265634910158540e-02
7.030411981385947806e-01 3.379193072769535178e-01 1.856903450509183803e-02
7.051630279448785066e-01 3.684908514948302960e-01 1.207605445859742319e-02
7.145989133054930775e-01 2.591811054487749288e-01 2.267903924147983419e-02
7.196022692560125611e-01 1.103948855330029316e-01 2.046753490765548453e-02
7.212717913277820747e-01 2.228946086925965853e-01 1.381253755844556903e-02
7.180058695737493446e-01 3.944426904712878823e-01 1.687971400580774023e-02
7.335868151368869494e-01 2.337486340031794119e-02 2.337486340031791690e-02
7.346921585756240880e-01 8.152188998918555307e-02 1.211090322788782592e-02
7.411444172532091201e-01 1.458918477091711574e-01 1.987738184408111008e-02
7.363471941700592271e-01 1.884353377998519985e-01 2.277049170875209555e-02
7.365092368617353058e-01 3.031696492315018587e-01 1.891407777657942713e-02
7.288994586104355911e-01 3.657786164664758588e-01 1.181482998693600753e-02
7.498211380913454294e-01 2.666167080427769287e-01 1.331947885025610775e-02
7.421553751386701370e-01 4.084004270290291783e-01 1.101324261132855496e-02
7.537572063050369531e-01 5.793527001648631630e-02 1.664096328552075801e-02
7.532269515283157579e-01 1.147428759686767719e-01 1.343710015515049011e-02
7.559536214791857667e-01 3.404473942501076156e-01 2.313011762330343182e-02
7.604085554283878112e-01 2.299001317382532439e-01 2.489308951925570113e-02
7.755399861542691120e-01 1.882437266339036935e-02 1.882437266339036935e-02
7.759836742237994356e-01 1.184489172735738449e-01 9.619421048030693533e-03
7.781177044643443619e-01 1.517107284198420669e-01 1.755099428850197610e-02
7.832022809703201860e-01 2.714761205038786485e-01 2.041351077968385150e-02
7.839641836661362939e-01 1.942225088467213479e-01 1.785922500131001053e-02
7.910182121521369680e-01 4.435525049965043098e-02 1.103197009876165195e-02
7.944191414805378271e-01 8.323898924106637454e-02 2.786550668277317649e-02
7.890350925674309845e-01 3.105090539491549562e-01 1.905282404470488855e-02
7.876614953930848317e-01 3.802380535460583300e-01 2.774901204050028714e-02
7.980112574719389062e-01 1.259267839544175038e-01 1.364284268210069415e-02
8.020352572039168848e-01 1.672356223972271683e-01 1.096341719164752038e-02
8.235536826567214641e-01 1.073763874678618224e-01 9.968809522302448170e-03
8.238063204739007883e-01 1.787644854018397844e-01 1.367179902588885887e-02
8.143037512597774974e-01 2.158696607908322240e-01 1.941125324972061555e-02
8.150612201219149533e-01 4.164301580991994767e-01 1.764496715499618701e-02
8.163727840258411250e-01 2.816169567245744298e-01 1.427249262531079393e-02
8.237759261556762969e-01 2.634860241974416178e-02 2.634860241974411321e-02
8.261816336949057149e-01 1.371946744967750265e-01 1.669748450496249398e-02
8.220913427386827843e-01 2.516795266562777411e-01 1.620621523520015053e-02
8.263598936753320245e-01 3.100127467427789552e-01 1.582839191167444148e-02
8.386577476916231566e-01 7.310768133139711189e-02 1.751838560799456879e-02
8.278250540995152340e-01 3.843115281966127394e-01 1.262058844914526988e-02
8.448168575476671105e-01 1.118711671813392289e-01 1.176424482161408762e-02
8.517438978022410234e-01 4.994142838762542780e-02 9.088429311729187901e-03
8.407896313744358530e-01 2.716481456007670547e-01 1.115016867159847325e-02
8.504648848689912999e-01 3.356666655027633062e-01 1.937351355081819507e-02
8.581500899819951567e-01 1.121106083669545957e-02 1.121106083669545957e-02
8.515828274217109861e-01 2.320877164841655405e-01 1.919981101216861399e-02
8.586508346289435378e-01 1.909646048695263221e-01 2.252628435693542971e-02
8.579300294986534903e-01 2.926121627791198332e-01 1.592903486378925010e-02
8.626202147702684009e-01 3.955699775454751821e-01 2.395065555272633123e-02
8.709406887371307082e-01 8.502689699292796666e-02 1.689463495884609492e-02
8.746353115836607017e-01 1.213150822870689705e-01 1.951398616450300549e-02
8.799834361675357153e-01 3.176313211254225832e-01 1.521866067362270120e-02
8.923178553375744615e-01 6.670864592956564365e-02 1.125747995075710578e-02
8.898693406668950479e-01 1.571563651981834064e-01 1.943050257040496859e-02
8.859895242612618738e-01 2.109324818501110421e-01 1.132811065942832505e-02
8.973126315192935243e-01 9.685844786068577295e-02 1.200977581255711392e-02
8.878781637435850804e-01 2.437361292949123404e-01 1.891891089357637321e-02
9.013420564297316417e-01 3.536814695077326876e-02 2.135636805268120372e-02
9.086531807474379496e-01 1.842412484684427532e-01 1.353043719069686908e-02
8.991088519568617432e-01 2.833501170938034219e-01 2.225628050943381439e-02
9.025632312635052390e-01 3.504427689168053695e-01 2.461145673447200435e-02
9.150138438790211826e-01 1.217080609169706451e-01 1.849983231424874933e-02
9.147517645248133267e-01 3.917576653127123887e-01 1.846383789326725561e-02
9.247918451523108319e-01 1.185293477944783860e-02 1.185293477944783860e-02
9.154970872374830204e-01 2.131350514062984591e-01 1.616284326559693646e-02
9.282164454517856100e-01 8.043466264352304440e-02 2.298717314636768497e-02
9.267578654515774561e-01 1.559537503917314549e-01 1.747762042661058987e-02
9.323306763869417813e-01 3.079731126051408197e-01 1.909564237710682441e-02
9.471860037534101107e-01 1.876796519559458254e-01 2.025620610265916818e-02
9.514111276596409761e-01 1.161468725912702532e-01 1.831985103855693006e-02
9.521044406492357171e-01 2.210015246917762244e-01 1.342670089957411460e-02
9.600223966383623075e-01 3.656162414319866216e-02 3.117857795349776237e-02
9.587103518916515466e-01 2.605884122807602954e-01 2.670757039473913713e-02
9.543232249557760394e-01 3.293870516042551877e-01 1.160010612346448929e-02
9.714513477727240165e-01 8.279022093097765378e-02 1.644183872883166198e-02
9.645420870470260422e-01 3.065569441536061257e-01 1.314688404058747886e-02
9.699627631175983256e-01 3.429705625855463680e-01 9.114790074536464892e-03
9.831779666425443098e-01 1.710897445564117103e-01 1.937517565647122256e-02
9.880522040714692089e-01 2.119427787580030198e-01 2.156360893162826906e-02
9.755949833222564704e-01 3.740946412053388070e-01 2.251478744974894086e-02
9.864776321550242644e-01 1.060932774246118038e-01 1.128579485723667925e-02
9.955634460634406047e-01 5.969447341017915243e-02 1.122772947175087847e-02
1.004319914990797313e+00 2.431947428457860716e-01 1.366881474172848034e-02
9.986275895660520208e-01 2.831961264036446102e-01 1.916720046481545231e-02
9.919782574713692513e-01 3.295657422113284496e-01 1.666060906700872132e-02
1.004353837317976117e+00 1.719750751695751229e-02 1.719750751695744290e-02
1.008646744554333008e+00 1.359303426844498952e-01 2.403959358527555865e-02
1.018389327045754245e+00 3.070657827950097341e-01 1.182129360086160187e-02
1.011874584180671999e+00 3.877375139256706849e-01 1.624521015743777760e-02
1.022986209735301744e+00 9.006924231826560212e-02 2.401101295068235747e-02
1.023898249004092431e+00 1.801735783891485754e-01 2.234601119990874823e-02
1.025249370326605902e+00 2.277580280574937333e-01 1.233761261976607133e-02
1.024828059794986368e+00 3.439968775967164327e-01 1.921929033658666477e-02
1.037373344123724506e+00 1.584950360713313286e-02 1.584950360713313286e-02
1.041183464055564611e+00 2.614163242674050203e-01 2.490183214942147741e-02
1.045030733797795097e+00 5.175565176355972213e-02 2.019184060353398577e-02
1.048691260597697461e+00 1.445042262586143933e-01 1.691250947049679695e-02
1.053005386891876283e+00 2.131097902120257515e-01 1.904657651344181940e-02
1.041330336718895744e+00 3.750992525186988558e-01 1.580735618262353245e-02
1.056708654265571257e+00 3.046793526904515437e-01 2.106251446173156364e-02
1.061305104184450121e+00 7.907250439480893733e-02 1.160541665490611579e-02
1.069318761483706970e+00 2.380006248111026790e-01 1.071379710000584622e-02
1.056345735832650234e+00 3.497672311401711642e-01 1.282225898350071447e-02
1.074369975580895975e+00 1.146866378220683658e-01 2.243828446507185881e-02
1.077782286650608823e+00 1.811909962188516798e-01 2.136015772273426594e-02
1.083796063064134341e+00 3.256128202124073945e-01 1.317106230017358465e-02
1.074151232295580183e+00 3.664667156232619960e-01 1.158897790225341118e-02
1.087121207836504233e+00 1.485075224011559725e-01 1.263138401500348354e-02
1.086362891950692244e+00 4.394963696339734827e-02 2.187098341764243115e-02
1.083485227169908915e+00 3.951845447855201199e-01 1.860766383332106838e-02
1.095034825505952547e+00 2.972904279242018499e-01 1.729970543138560635e-02
1.102082023026867974e+00 8.300769061854662567e-02 1.965106418243421291e-02
1.106854413941730453e+00 2.515388493672112147e-01 2.918869316791031926e-02
1.097365558732180890e+00 3.564000533907393797e-01 1.371403852679614968e-02
1.107312557478182802e+00 1.437330086164305062e-02 1.437330086164305062e-02
1.113699225342193788e+00 2.071320080001558817e-01 1.574257660389480340e-02
1.125894631463669526e+00 3.246480860404983848e-01 2.394067625157302384e-02
1.126849713490280402e+00 1.192154404723629324e-01 2.421737139906271832e-02
1.128703001738232237e+00 2.828943653316810525e-01 9.028177061081095120e-03
1.123571459922867888e+00 3.829034954468514829e-01 2.331762959657881010e-02
1.133912248041941462e+00 7.846347550544410798e-02 1.250190015220162092e-02
1.138962331738008649e+00 1.570549854939935763e-01 1.551355721151989435e-02
1.139291529399282465e+00 2.783705750081074543e-02 2.032435594640690305e-02
1.141966286888323578e+00 1.890372956259018800e-01 1.647821560494487289e-02
1.150492628943068585e+00 2.610891306807943679e-01 1.548234534331738473e-02
1.159566155671002852e+00 2.941694744016486451e-01 1.881981243097434475e-02
1.156074125432462685e+00 3.514856808157644230e-01 1.644568715903637485e-02
1.160584914179711546e+00 6.171776629668054848e-02 1.899174834716115673e-02
1.165733244244445022e+00 9.296316878610624834e-02 1.239002601314974535e-02
1.165572805938696499e+00 2.157172633155866603e-01 1.914605165205627083e-02
1.169285214872080259e+00 1.165056436383097582e-01 1.141889285155761428e-02
1.174717941360860607e+00 2.685648951524103878e-01 9.870224865138896644e-03
1.174955235748880167e+00 1.433805038159014500e-01 1.604758210079932843e-02
1.178953710378984665e+00 2.008777138418506650e-02 2.008777138418506650e-02
1.184107526636166696e+00 3.216803951324825328e-01 1.804656314770186967e-02
1.193843423923018676e+00 1.210810443993826230e-01 1.317620175363396623e-02
1.189631591476719041e+00 1.790747409968677095e-01 2.254612185957667256e-02
1.193850510754826511e+00 2.426601728297849703e-01 1.991222484292569372e-02
1.196176181949734740e+00 2.844810030439496873e-01 1.684641001998694876e-02
1.198042703422560029e+00 8.783688675905018672e-02 2.032357849328149391e-02
1.199490608455932472e+00 2.098694534297768921e-01 9.788295246998640967e-03
1.208829681043124937e+00 5.258372843470378311e-02 1.654299251661855291e-02
1.207976740999661569e+00 3.506976834064429172e-01 1.952659766030825569e-02
1.220475772861912223e+00 2.650965891585763123e-01 1.423775990907235646e-02
1.224598615812210856e+00 1.436648403138747199e-01 2.498018258828793234e-02
1.226675568421570217e+00 3.958234508884813652e-01 2.931990720746424292e-02
1.229920106594727613e+00 2.893537425263132401e-01 1.179308581600359111e-02
1.231082594364073968e+00 2.160213883183118369e-02 2.160213883183133288e-02
1.234222244380037026e+00 9.974817184791925917e-02 1.776628756531835329e-02
1.231282102545953716e+00 1.865048408875825126e-01 1.837803052151862002e-02
1.239051386959825418e+00 2.290253663554006336e-01 2.443145307768234548e-02
1.243277193222447563e+00 5.942393757755688732e-02 1.813696913096553287e-02
1.255893460054376520e+00 2.663850254006111529e-01 1.654902459274730855e-02
1.262231205909485565e+00 4.159509567293057652e-01 1.153740362602638861e-02
1.256337303292928809e+00 3.379067870667697426e-01 3.049690695995247239e-02
1.268288405098366489e+00 1.602008443668819296e-02 1.602008443668819296e-02
1.261423165364171872e+00 8.621155188568219163e-02 1.261676992380184048e-02
1.262826966039202858e+00 1.654392719210626694e-01 1.901450610129896274e-02
1.265730732623267185e+00 2.923436173115679382e-01 1.121102630047403001e-02
1.279641399623836051e+00 2.321390670727798422e-01 1.627781196385272647e-02
1.272444832474209475e+00 3.825652561410875507e-01 1.697762680697998544e-02
1.279000957536791772e+00 6.089152896841444618e-02 1.761692801714032086e-02
1.282730311986884253e+00 1.100664030074887390e-01 1.936835817106934837e-02
1.281067332305325213e+00 1.896461986520750764e-01 1.129533162975624068e-02
1.279998111186840815e+00 4.377096998767739944e-01 1.655362388262855353e-02
1.299915393719445422e+00 2.075426366486882723e-01 1.469566511983119023e-02
1.300481452304293128e+00 2.504231795272200412e-01 1.144612289342973252e-02
1.302841836113331819e+00 3.136684830518026157e-01 2.194512727181537753e-02
1.308420501717812101e+00 4.416971505313688207e-02 1.622282139736009113e-02
1.305902002297554043e+00 1.431436385766133301e-01 2.101766347936000895e-02
1.310268535568041237e+00 2.298077834864385716e-01 9.858851976697672465e-03
1.314365136758363972e+00 3.497078397086037516e-01 1.589164962569418818e-02
1.321606707307189099e+00 1.541299571972738411e-02 1.541299571972738411e-02
1.323537444134011976e+00 8.429758601885227465e-02 2.665803652614474190e-02
1.320608732200929891e+00 1.805607860053271840e-01 1.918595359862139416e-02
1.327749087655618165e+00 2.880681226418006502e-01 1.377251028321785885e-02
1.336751306341533718e+00 1.206710498494719952e-01 1.204125320217938090e-02
1.342897616334334243e+00 1.413081389052682491e-01 9.491665114306784348e-03
1.347413881344041497e+00 1.949798848570639676e-01 1.125130042142144862e-02
1.346633896062333191e+00 2.546285919229577810e-01 2.463111198415127850e-02
1.349967409939875962e+00 3.986074970598123962e-02 2.203059023023313731e-02
1.353297015510747769e+00 2.177403097093742468e-01 1.225717054291671285e-02
1.351935941874786939e+00 3.700158427101168934e-01 2.681643371933196268e-02
1.359232763440635150e+00 9.113298227204560953e-02 9.685855152374783089e-03
1.361262177879353885e+00 2.900218615514798537e-01 1.366601798554017977e-02
1.365605678577533899e+00 4.109439494653664426e-01 1.633413550161261565e-02
1.367343434508386135e+00 1.135424352166541917e-02 1.135424352166541917e-02
1.369391637396174310e+00 1.456719554944548023e-01 1.735933202265788761e-02
1.362600854348486212e+00 3.235751107479975519e-01 1.991392522960871297e-02
1.381583611238803799e+00 7.371777330734148592e-02 1.864875090772796784e-02
1.391906551305947648e+00 1.115425285795340615e-01 1.992960289460846135e-02
1.390809006232277323e+00 2.392569556955881915e-01 2.214203799351515886e-02
1.395299065451329090e+00 1.671572462960911332e-01 1.629794875377886532e-02
1.393432109611841163e+00 4.152905764910574393e-01 1.182973196376801636e-02
1.389868826613663844e+00 3.431700477772953173e-01 1.366439915736212575e-02
1.395438437285519306e+00 3.035846784706495716e-01 1.852985496669569757e-02
1.410039364799821504e+00 4.417192758240677530e-02 2.237181601091681529e-02
1.402489892529187099e+00 3.720481006192264406e-01 1.785120397482225368e-02
1.409416921842434167e+00 2.069268335325563091e-01 1.516066060097374935e-02
1.418458212292154963e+00 1.143261519157228248e-02 1.143261519157228248e-02
1.416240028742139057e+00 1.383860018501577582e-01 1.630146362803651383e-02
1.419912469476363404e+00 2.693412768029138094e-01 1.971579220931005821e-02
1.425093656131575903e+00 8.636097948027868232e-02 2.172966188221452100e-02
1.420156605597202804e+00 3.968218424946236000e-01 1.257659642442452569e-02
1.429185612976556108e+00 2.250080277963935893e-01 1.162983650458465461e-02
1.437064779979791984e+00 1.726362110205317268e-01 2.378278630038920677e-02
1.424854985159252685e+00 3.346313783128634367e-01 2.234865633644309360e-02
1.441574385835028727e+00 4.840194017631097717e-02 9.445640805044296789e-03
1.439846844841305762e+00 1.182339124757786353e-01 1.339213241762912329e-02
1.448488792599761377e+00 1.972067935681987363e-02 1.972067935681953710e-02
1.449504441382723829e+00 2.952158420134335937e-01 1.959295905730060183e-02
1.454266359598382241e+00 2.416502683999486312e-01 1.847013066175721974e-02
1.461208123861043706e+00 6.938028801794930700e-02 1.817771415181700795e-02
1.451106849060514126e+00 3.638482747669662398e-01 1.692967607087936255e-02
1.467062856269304882e+00 2.024948010202472226e-01 1.854238325441052992e-02
1.461320157117184104e+00 3.953284467418751724e-01 1.616583554369281986e-02
1.468366212712464813e+00 2.690420414635706914e-01 1.233758086324368390e-02
1.472543188243714107e+00 1.297141855313087844e-01 2.126111477967899954e-02
1.479214098011206735e+00 1.643355331068805103e-01 1.390118177017281298e-02
