9.043015574635573373e-01 5.613070409694499441e-01 1.130704096944984589e-02
1.061496030133699753e+00 5.636066308083039766e-01 1.360663080830395132e-02
1.002067397620625133e+00 5.606827062050052657e-01 1.068270620500526465e-02
3.696156353879639367e-01 5.590826044531836958e-01 9.082604453183627108e-03
1.029596004868436721e+00 5.626633745296844014e-01 1.266337452968437256e-02
4.025531074245832786e-01 5.654862783400912418e-01 1.548627834009120782e-02
7.059533296527349400e-01 5.635115830617103416e-01 1.351158306171027466e-02
1.185724068715003021e+00 5.603328499971397259e-01 1.033284999713966756e-02
4.818383730123124709e-01 5.638891691836617204e-01 1.388916918366170025e-02
1.402342504990984340e+00 5.614418011888520077e-01 1.144180118885198758e-02
5.516440492177392407e-01 5.612882424205080101e-01 1.128824242050797434e-02
3.401717616426132573e-01 5.650976223131789489e-01 1.509762231317887844e-02
1.214024631618665917e-01 5.625381750561254668e-01 1.253817505612540677e-02
2.182700263221528936e-01 5.636743653492218842e-01 1.367436534922187967e-02
9.651692867144552324e-01 5.647043764993223691e-01 1.470437649932233859e-02
8.334021698268302414e-01 5.643212601888139002e-01 1.432126018881389566e-02
1.216762631912236881e+00 5.663397576422553037e-01 1.633975764225526969e-02
5.206492075870572389e-01 5.691307114353583163e-01 1.913071143535821639e-02
1.435814291626796413e+00 5.686131704006263110e-01 1.861317040062622843e-02
8.874290399078088587e-02 5.688764601034258517e-01 1.887646010342582462e-02
2.492699996830902154e-01 5.662146320582810421e-01 1.621463205828098733e-02
6.327524226695788734e-01 5.708586798082863067e-01 2.085867980828630744e-02
3.039848795326641762e-01 5.678963643253702731e-01 1.789636432537026339e-02
7.838056355272737807e-01 5.675801590837665778e-01 1.758015908376650560e-02
1.369912262512160250e+00 5.674166510564472299e-01 1.741665105644719935e-02
8.718938131157827343e-01 5.679807716901152936e-01 1.798077169011526311e-02
4.347289012793160712e-01 5.663744735129863095e-01 1.637447351298626508e-02
5.941065017179802954e-01 5.664901549880972942e-01 1.649015498809721508e-02
1.319699673224733250e+00 5.662928290083893978e-01 1.629282900838933262e-02
9.339182378697979958e-01 5.711924783700772501e-01 1.721307201675496834e-02
1.278927647609241269e+00 5.674084546893237713e-01 1.740845468932373380e-02
1.472192258384512398e+00 5.675336888483045739e-01 1.753368884830448088e-02
1.097080218920538197e+00 5.688084462990676826e-01 1.880844629906767984e-02
1.149419893278257554e+00 5.744353553988696959e-01 2.443535539886964106e-02
1.791384502431525305e-01 5.747747235548128497e-01 2.477472355481284000e-02
7.390725698538218591e-01 5.796137733718090823e-01 2.331455716883695795e-02
3.417613625659915444e-02 5.801024027584298359e-01 3.010240275842982968e-02
6.796941857202842829e-01 5.802552851166102865e-01 1.763154135714697229e-02
9.018711574094762096e-01 5.844204388627536328e-01 1.193378531958416526e-02
4.590841184172069767e-01 5.885588461375292901e-01 1.656976711536006439e-02
1.239600723408650351e+00 5.879243381139391822e-01 1.508431811721855018e-02
9.958117929641124855e-01 5.947602567894110237e-01 2.396425677086486475e-02
2.698380229828820642e-01 5.927264171875417098e-01 1.734007451473005418e-02
2.376852011738116721e-01 5.915369955208791275e-01 1.163190538953292295e-02
1.415333701819696532e+00 5.907950501887319072e-01 1.157772805868852693e-02
5.360499176738015015e-01 5.935427709659981677e-01 9.733289009892821808e-03
5.689332813818156476e-01 5.937489979315996314e-01 2.061423209364313114e-02
1.384474529738027648e+00 5.972356040331863181e-01 1.576812833692148308e-02
1.199786730526182232e+00 5.948867823616535988e-01 1.687340011485941038e-02
4.260153456117612425e-01 5.943122692875435487e-01 1.289063344243842994e-02
8.862564902665329147e-02 5.972865023978131127e-01 9.533824159416141517e-03
1.184676508416303703e-01 5.934438157664544411e-01 1.850649841728959147e-02
8.150863899603562057e-01 5.926336946336605571e-01 1.939908584011754145e-02
4.979850260741391366e-01 5.961581571940166580e-01 1.614177001814487075e-02
3.753308326327132738e-01 6.027582531581258118e-01 3.066837853958108775e-02
1.057482228392682133e+00 6.004143250993042580e-01 2.341926504089768268e-02
1.518921749770291707e-01 6.002004343150432186e-01 1.249223612182645722e-02
1.127297892094985876e+00 5.997866179798692077e-01 9.210884373257340746e-03
1.330238222683179705e+00 6.027249782924595234e-01 2.163292116408450233e-02
1.474563785323397047e+00 6.011174876557211499e-01 1.613373876888798270e-02
1.278313083700094221e+00 5.996714919032459790e-01 1.486043526780607762e-02
8.627688183453338100e-01 6.047208048946559611e-01 1.987547706001146358e-02
6.102110798686268822e-01 6.028419760990030296e-01 1.826986957563284109e-02
7.728608895243568311e-01 6.056219914465540421e-01 1.932436816449841985e-02
1.177958879690327310e+00 6.135343592986608474e-01 1.183526055982095544e-02
7.060753294870387720e-01 6.132871674660187455e-01 2.383112494148163785e-02
6.545078141723068565e-01 6.137781828020723029e-01 2.429861462852428086e-02
2.150477333068084029e-01 6.137024130943151690e-01 2.005027710527627210e-02
1.362599345771329462e+00 6.094397291252683369e-01 9.281110031541446939e-03
3.109049799529766123e-01 6.091158400693772457e-01 2.389996291085924596e-02
8.379343592992652412e-02 6.188427629482189385e-01 1.255741058038871427e-02
9.541518378248082799e-01 6.186199350243701822e-01 2.404445189417445811e-02
9.067723934937503838e-01 6.187904865897940754e-01 2.278396656490324496e-02
1.749043600295327461e-01 6.204635870553883992e-01 1.816972760963121367e-02
1.431444878355826233e+00 6.153881986067666343e-01 1.782283245450269268e-02
4.221407202441516127e-01 6.187812572594748595e-01 1.188322564551644485e-02
1.246839629774850522e+00 6.210081415065372701e-01 1.878218173586188727e-02
4.665721516575434547e-01 6.203256932459551010e-01 1.606768402621173292e-02
1.688377223590304538e-02 6.213035111954480216e-01 1.458044842480595710e-02
5.295358467382973444e-01 6.208800854464160413e-01 1.836941340738451958e-02
2.654159239611137422e-01 6.286745397877441244e-01 1.887901545502905162e-02
5.164156219109643231e-02 6.256240353699309420e-01 1.865475198515510052e-02
1.035018225854781315e+00 6.287299917659533444e-01 1.272500682615750230e-02
8.264295933968351937e-01 6.269001649023043798e-01 1.669605578411217234e-02
1.483417394273167433e+00 6.276759211189359977e-01 1.186156046965321578e-02
1.138262803349303853e+00 6.317780219016506660e-01 2.460744207412392942e-02
1.083421732025451556e+00 6.318932433651184288e-01 1.737019614578960008e-02
9.940941718469959998e-01 6.340751653276025523e-01 1.538815428193249582e-02
1.312235827122848253e+00 6.306276310531733209e-01 1.157316678670558367e-02
3.483113743830055786e-01 6.324507756061781283e-01 9.477567873921087516e-03
1.387508602709588423e+00 6.370499353516536623e-01 2.416164222507201365e-02
6.169231098373069155e-01 6.350528652478851788e-01 1.463290729900244662e-02
7.544466592431611218e-01 6.301394564045207369e-01 1.133814909703819047e-02
7.329568198256178890e-01 6.329997001282408053e-01 9.503518701165799762e-03
4.976282466793952031e-01 6.369691935060314281e-01 1.736508448572759988e-02
9.742564616384072340e-02 6.393618475459773576e-01 1.207732076768160481e-02
3.849570699136675711e-01 6.446176084632699865e-01 1.228357218156241742e-02
1.208939243386225160e+00 6.394684104322827523e-01 2.337491514257534000e-02
1.302320092765118509e-01 6.410927919781140849e-01 2.077467505156161895e-02
1.281119114022315930e+00 6.413967830422901972e-01 2.110239854205576623e-02
6.841789453935585019e-01 6.449984340119049309e-01 1.470530019517907010e-02
2.064565779292629188e-01 6.414576160898843860e-01 9.004141561191430360e-03
6.409094824964839399e-01 6.446591070859575279e-01 9.443734267080746911e-03
5.698965540744659330e-01 6.391822037966912173e-01 2.482918425526495915e-02
3.111819730199415490e-01 6.445751229394058868e-01 1.156040181958105373e-02
1.167509809662342635e+00 6.500989071010938591e-01 9.904037360494737444e-03
1.332735029397208448e+00 6.525414733459802274e-01 1.843406197436380650e-02
2.233784237452520263e-02 6.519939626132115196e-01 1.659086353512142370e-02
4.509315134981887740e-01 6.488215074779112301e-01 1.643833065990466316e-02
9.627310340836467972e-01 6.528519388401651247e-01 1.124623659007402236e-02
2.807564056552683263e-01 6.519879695729332569e-01 9.028804003997768779e-03
1.450380158867008440e+00 6.531354761380415708e-01 2.440750982519293566e-02
7.997674513312538203e-01 6.469586057799214807e-01 1.666875906575778638e-02
9.330209679647096799e-01 6.535748920272643758e-01 1.680114370827214335e-02
1.249084053726540633e+00 6.523902940819340524e-01 1.268012808303733974e-02
8.801116571427228807e-01 6.552133343717418956e-01 2.235380811801554457e-02
7.882146498337608276e-02 6.602647902202656294e-01 1.590568425036710531e-02
1.070508060922189308e+00 6.588499615516349994e-01 1.252006241365585977e-02
1.760914328921472372e-01 6.545148636265872844e-01 1.590223414940802882e-02
7.620670484237035414e-01 6.594314399894504186e-01 1.892884007603150634e-02
3.534986965544164583e-01 6.620133209595231438e-01 2.053663541516507693e-02
1.025950849100380147e+00 6.637038270955506469e-01 2.340512573474027441e-02
6.230085561142499895e-01 6.662804623141662663e-01 1.718211234461192866e-02
1.370545282183485369e+00 6.690505450314053748e-01 1.205704443177867471e-02
4.833684147695787581e-01 6.635094525900364637e-01 1.276344283212063786e-02
8.174395366147483299e-01 6.667071216337979722e-01 9.832306510892422843e-03
5.152017755346015582e-01 6.670451641588944769e-01 1.746870553397376902e-02
1.171348434819289519e+00 6.716749840906121038e-01 1.201084665364419470e-02
2.405147600826690879e-01 6.714357290374306508e-01 3.060418642751557700e-02
4.096574171540751652e-01 6.744262616618046380e-01 2.642899631120518636e-02
1.112537058727346873e+00 6.709828912676496504e-01 2.228430259761110879e-02
1.306816821033927933e+00 6.759570254273284950e-01 1.649503197375850813e-02
2.886972310824182930e-01 6.758732224817265433e-01 1.614185381381644940e-02
1.266079713842968468e+00 6.736268560396632132e-01 1.446389397165102897e-02
1.407219876366059941e+00 6.757943450115843076e-01 1.930861874788323759e-02
1.360466528134991748e-01 6.737126840837311947e-01 1.235940770991417366e-02
9.788493629608777669e-01 6.751766847491098567e-01 1.628910080923020448e-02
1.875404179625624057e-01 6.769095957531999774e-01 9.249371886098551460e-03
7.953290117339255616e-01 6.764629652171111340e-01 1.316757736916695197e-02
7.082380854852386998e-01 6.796731839208896009e-01 2.749873401011613400e-02
8.472769665890534929e-01 6.783773921489638647e-01 1.782940325765353801e-02
1.076486976470956369e+00 6.819936667383224016e-01 1.138346286835207471e-02
6.578808018404049829e-01 6.839633827460157578e-01 2.191723799506065801e-02
9.130452367938797220e-01 6.821424763878415343e-01 1.805766740180385008e-02
4.513309014246487672e-01 6.825454104632621144e-01 1.602803924840440208e-02
5.535150726332395132e-01 6.846884257872956070e-01 2.353577386595551157e-02
1.351073827881651424e+00 6.846907224818691295e-01 1.291799677560280350e-02
3.197496000674504568e-02 6.860677871466765998e-01 1.881958061056257514e-02
1.149073953601512210e+00 6.904193442955723903e-01 1.710106762581216008e-02
8.817421245439035493e-01 6.906928075415457169e-01 1.316310954600962736e-02
9.504177672126041809e-01 6.861290453078618956e-01 1.417907666501585021e-02
1.190170604875866012e+00 6.945377579602581841e-01 1.760301014774622030e-02
9.325593125996531341e-02 7.004147696279156010e-01 2.676016465862221527e-02
3.124728606424690969e-01 6.978644553869708389e-01 1.624479290469181200e-02
1.022491536570877324e+00 7.004479185081584625e-01 1.350144680884413952e-02
1.322127801692689397e+00 6.965128293792107739e-01 9.136339523708934124e-03
1.468538462182532811e+00 6.957040372588821908e-01 2.187214418385655806e-02
1.237531684809850541e+00 6.972405868748396962e-01 2.258469906009450898e-02
1.280585513957650301e+00 7.011554100039775195e-01 1.665265340001709227e-02
6.022863010476010581e-01 6.967583044111147483e-01 1.967315476788883757e-02
1.428570898256404709e+00 6.984330057123911972e-01 1.181010703078967661e-02
3.741982984216261077e-01 7.031926100593232087e-01 1.923118219708948654e-02
1.797609915915934220e-01 7.086413255522696630e-01 2.342205524377272488e-02
1.112730578950588356e+00 7.064187205337555397e-01 1.315205508561318078e-02
9.719364614250173284e-01 7.024919342406527045e-01 1.188732661565337911e-02
5.016956810720303306e-01 7.092166483800731447e-01 2.681276541098268074e-02
7.603834980943613431e-01 7.039877609810987202e-01 2.565927585211951259e-02
1.058527199379264871e+00 7.124237160674611324e-01 2.395124380026292937e-02
2.243510507123278874e-01 7.102474873243114217e-01 1.143886391291649637e-02
8.245336763441141192e-01 7.106745995279839523e-01 2.167207590008157075e-02
7.214063028672796918e-01 7.166499615553743041e-01 1.175281415362916179e-02
2.820699348941123619e-01 7.184115976770033551e-01 2.045020607809787047e-02
3.374123692700784494e-01 7.208856919509528671e-01 1.769569064403537367e-02
6.876651185207957040e-01 7.207610746339933039e-01 1.845191052259980216e-02
1.325994657402601307e-01 7.181224161366254188e-01 1.638464325935986773e-02
6.394485602158103132e-01 7.222367352722915967e-01 2.056331102337872682e-02
2.420855316363960952e-02 7.189812815415546066e-01 1.499779936681446858e-02
1.199497526215633547e+00 7.238430202705847805e-01 1.315068655289873892e-02
4.313328716638070159e-01 7.256160102571954651e-01 2.916071217393406689e-02
1.323281489808152855e+00 7.237762358805513996e-01 1.815146600046442515e-02
1.162846059352925732e+00 7.220491252152084760e-01 1.739696040264605142e-02
1.371935382736061415e+00 7.212424081164141576e-01 2.916798894019294319e-02
5.452111408376394408e-01 7.212268511790750347e-01 1.393437176195216204e-02
5.759180886173163177e-02 7.267899841078480083e-01 1.759726499300021813e-02
1.003776383041453446e+00 7.315629747352845325e-01 2.280838237895455381e-02
2.423738592439364237e-01 7.335621777247531838e-01 1.802970265954296353e-02
1.225423161419553653e+00 7.304584611607515265e-01 1.277125532906057438e-02
1.270385496202671938e+00 7.285010182265246881e-01 1.253334754671951365e-02
9.455059617043806153e-01 7.265093224570366992e-01 2.382550374290376069e-02
8.873252772790283238e-01 7.272855430388178721e-01 2.385310157340462048e-02
2.097976284589960494e-01 7.285458565154585564e-01 1.194130747951129348e-02
1.427825460018538273e+00 7.330957308018150043e-01 2.286063263238224258e-02
7.916491499492702699e-01 7.317400752579716894e-01 1.614660810737472349e-02
9.700711005659125308e-02 7.359875353152987021e-01 9.009836753367127596e-03
7.104890290760841332e-01 7.403190575353999492e-01 1.160546108916157143e-02
1.477184077212700952e+00 7.376492353153282222e-01 2.095479008938267579e-02
1.093256887431770075e+00 7.384990019921169324e-01 1.947768398153790909e-02
5.860844018777033870e-01 7.379007887567545776e-01 2.454455158197457396e-02
3.147922908128033548e-01 7.467153555339183235e-01 1.663854111120346632e-02
8.445055656026424495e-01 7.426248539825799355e-01 1.600676591158180923e-02
1.040124381957743260e+00 7.454552551976048047e-01 1.386074194970884563e-02
2.670487904302654703e-01 7.448644027304449633e-01 9.110535348428885905e-03
1.131919793644752925e+00 7.432517781232548248e-01 1.947625288993403564e-02
1.768756307941048989e-01 7.494236266262706003e-01 1.746218851616670314e-02
1.525113101534204298e-02 7.454213909658966575e-01 1.291841094035285978e-02
3.955633597213666364e-01 7.450412059275760557e-01 1.154304946344977129e-02
1.292992760872615055e+00 7.476815189824288499e-01 1.711424974385530873e-02
3.512493242473024302e-01 7.541624861377576039e-01 1.834326542287492007e-02
6.382339808690142835e-01 7.525711074260372779e-01 9.795367092632912762e-03
1.268087145767394786e-01 7.558421706281930330e-01 2.177702177168859901e-02
5.412578265083810569e-01 7.521259475271963035e-01 1.721659691185316310e-02
1.254748593256248990e+00 7.552657079583251498e-01 1.846441608544271279e-02
6.745114104521976461e-01 7.538688824621929685e-01 1.717317860210132094e-02
9.649735256210462131e-01 7.578050711928179251e-01 1.303110941922241625e-02
1.400350626127563780e+00 7.517069283380726219e-01 1.032435148800336239e-02
4.730952245278390311e-01 7.550816107408979683e-01 2.195010594322285152e-02
1.336439228804824353e+00 7.564717139715401162e-01 1.709226227993822234e-02
7.692627203311624973e-01 7.561594831819071771e-01 1.698132141443588899e-02
8.286136090734320947e-02 7.634863864418742763e-01 2.191408654680638071e-02
1.210652627364285694e+00 7.643799445995052011e-01 2.422652453627012134e-02
7.315715539283149660e-01 7.619404580665021243e-01 1.859317820255613693e-02
9.919051783588037630e-01 7.644325224862003054e-01 1.213918792238538429e-02
2.177042788851953348e-01 7.634778140281607284e-01 2.074572113587338368e-02
4.129534698330127873e-01 7.619211623887748308e-01 1.153162719055720979e-02
2.547029106115314412e-01 7.659773550206280257e-01 1.534713222037598947e-02
1.489891730897580757e+00 7.659933251441995994e-01 1.010759697925662885e-02
9.280181053814196002e-01 7.610963056100519264e-01 1.493123144466692448e-02
5.148189981873695364e-01 7.643240728888802682e-01 1.190050983533717799e-02
1.158307172406862762e+00 7.692380241523157913e-01 1.755857856125443012e-02
1.020075426455924861e+00 7.720692388413300522e-01 1.704783512797144324e-02
1.094222734428584420e+00 7.692449021360734385e-01 1.128338290638718905e-02
3.785493598026131584e-02 7.708763261546339729e-01 2.112399973155642055e-02
1.060154887059173712e+00 7.693735852135259456e-01 1.733713691038271665e-02
8.827008738920354425e-01 7.693231966211735440e-01 1.843814368369049370e-02
1.457506051847485384e+00 7.719009726587525710e-01 1.854718699173314028e-02
4.398174286931389454e-01 7.672499701591504184e-01 1.332898451951839217e-02
1.379072004582794442e+00 7.697161238413687823e-01 1.755235666632260633e-02
1.423354164179543968e+00 7.683479653147728961e-01 1.267403388689695813e-02
2.955050887566447737e-01 7.778818271238021609e-01 2.001313162713318217e-02
3.348793334123946752e-01 7.769924431468686610e-01 9.749145242157350455e-03
6.245041968911656527e-01 7.794690772223670239e-01 2.040409891659736644e-02
8.357645548360116416e-01 7.788378134196779490e-01 2.124620310318618005e-02
5.684448736676206426e-01 7.746530723689011300e-01 1.622165140753567547e-02
3.725878462406543856e-01 7.890926691402990745e-01 2.258899820194547672e-02
1.651324902861022181e-01 7.821088546428819344e-01 1.726856845065695076e-02
5.955861468256318236e-01 7.864703363419031090e-01 9.349409260617768183e-03
1.277082618248838397e+00 7.842393400129242798e-01 1.811809376291104168e-02
6.938888329886283568e-01 7.822034712847615312e-01 1.715368300654852851e-02
1.313546702361979790e+00 7.831257205484314365e-01 1.804324445523352444e-02
4.124621114149517043e-01 7.892998181161582361e-01 1.585143732993765306e-02
4.944558950363485139e-01 7.837614540875471603e-01 1.381037026951013706e-02
7.844722368644378996e-01 7.829955415540361674e-01 1.386512768636497667e-02
9.463269740305336741e-01 7.884592889201511579e-01 1.799212693262017965e-02
9.560248167936841179e-02 7.962283276428769874e-01 1.321952801442618369e-02
9.895966044033481790e-01 7.966688405724082767e-01 2.017968763761797402e-02
5.308447196770311738e-01 7.944011387230676124e-01 2.217959636253494932e-02
1.351444924372299239e+00 7.948469078613206174e-01 1.979482350051996534e-02
1.481903694250613857e+00 7.902652992762247974e-01 1.198956867981994939e-02
3.328884510886129244e-01 8.012669140535133572e-01 1.460683041525969068e-02
1.300013807335906046e-01 8.025796588732754255e-01 2.176080452459926498e-02
1.113282851028587261e+00 7.988118005080486750e-01 2.389458639464570738e-02
7.383238922011707839e-01 8.035516784125823486e-01 2.356234018876622940e-02
9.047709606012871442e-01 8.027512383694925813e-01 2.161835020283503841e-02
2.084563516220493129e-01 8.010862043093120999e-01 1.798301726604001685e-02
1.173044028648698056e+00 8.027051982875550440e-01 1.900953154155152550e-02
1.033476681571509292e+00 8.035546702764042593e-01 1.717096133429093369e-02
1.440392923050018315e+00 8.050716534598461038e-01 1.877778108657512934e-02
4.698814937741804254e-01 8.018649954715825201e-01 1.671239841286091543e-02
1.390134162887956881e+00 8.059554874136378722e-01 2.033778477563537301e-02
1.069145383244475500e+00 8.024830592178122668e-01 1.697126279724630454e-02
3.041243047443379921e-01 8.099664555419321399e-01 1.320906373939824581e-02
1.226127126767657227e+00 8.078511530139699248e-01 2.191679667925114025e-02
6.444734011421896502e-01 8.122948737867637936e-01 1.801857718107026038e-02
5.942750012178374952e-01 8.093248820053666748e-01 1.354271515561283369e-02
1.658364714936358952e-01 8.089226237122975061e-01 9.554440352393191865e-03
2.568626036596217965e-02 8.064920733363467598e-01 1.651319083200338683e-02
8.181405585810745951e-01 8.105210232136554893e-01 1.500887966934689663e-02
6.819163249198635368e-01 8.118105731481681797e-01 1.478252575727897686e-02
8.554048503432029049e-01 8.115467963507954074e-01 1.690636918228272112e-02
4.358795993229406807e-01 8.147490273898931878e-01 1.873238826208108859e-02
1.277589463823050275e+00 8.194104741640444445e-01 1.705669223376838142e-02
5.032273509188345262e-01 8.147066583647379900e-01 1.209916068967565456e-02
5.531658175298754809e-01 8.170120013419399640e-01 9.592758251591048183e-03
1.480885901103422553e+00 8.168202072797240421e-01 1.458483708897908085e-02
8.010412707072936400e-02 8.252089124027219835e-01 1.964494046747213701e-02
2.704030468902762219e-01 8.299835677032625370e-01 2.600583152425637451e-02
3.622303395768125545e-01 8.275043486967125217e-01 1.719460483543819654e-02
1.144422529166508440e+00 8.279222663854821640e-01 1.873285521442286453e-02
1.419806557684597959e+00 8.274471061138499728e-01 1.162714154825729776e-02
7.813507485471021807e-01 8.255305386614263385e-01 2.472493057221753637e-02
2.303683710023717857e-01 8.221001922009913976e-01 1.237689512571882658e-02
9.883554132571440443e-01 8.300454339287797190e-01 1.321997612622846825e-02
6.128893826696013569e-01 8.358673081905914071e-01 1.887634690099016313e-02
1.110146962378752100e+00 8.366864628468480003e-01 1.410967448360619068e-02
1.204976055812345237e+00 8.339842271854074340e-01 1.170321772000957466e-02
9.173534121153832377e-01 8.312795794316554243e-01 9.561520384831906361e-03
1.338811605012979244e+00 8.351299415289339390e-01 2.242275055935037675e-02
5.738800423529143435e-01 8.364828362856163713e-01 1.883596882900981720e-02
5.367075517870016910e-01 8.321655502856102338e-01 1.277920091275714515e-02
7.109402820439595372e-01 8.375879040333876757e-01 2.012205931211381513e-02
3.197069680829578431e-01 8.442109051326813773e-01 2.441409036147604988e-02
8.899680289582536652e-01 8.383786318462025378e-01 1.696192910113877503e-02
1.784420969593180639e-01 8.422002798607295393e-01 2.603072779550694507e-02
3.998453789477856568e-01 8.390305691739359251e-01 2.214678488797424544e-02
4.744009099935219131e-01 8.416738169740464182e-01 2.335214192368453151e-02
1.448761344266151996e+00 8.406389481090470461e-01 1.776073177743883388e-02
1.159152797753059544e-01 8.492211428538695150e-01 2.347148180142115750e-02
9.625791258375032688e-01 8.479703961130731216e-01 1.817622209024800581e-02
1.252273264247867113e+00 8.516294182529036139e-01 2.391854808439859703e-02
4.377013193496102073e-01 8.470658455931732167e-01 1.363573498656297373e-02
1.058523259062474020e+00 8.464080162317024758e-01 2.821979130431193430e-02
6.557707187032476570e-01 8.504340976662538854e-01 2.175867488848903103e-02
8.378849599275635107e-01 8.462385009071027309e-01 2.195827960293244424e-02
1.483331415038280143e+00 8.460324257531270931e-01 1.472956630838535494e-02
5.332585260025259760e-02 8.568761235663442388e-01 2.182659490918865269e-02
1.004379638551659459e+00 8.592025132143603638e-01 2.005029692277162170e-02
1.192087290840461833e+00 8.591262025504077249e-01 1.654990932381923338e-02
1.398917582858157260e+00 8.552866583921000521e-01 2.317788596721947689e-02
1.307305572631292767e+00 8.589486321533142954e-01 1.707357964354091692e-02
1.361498323519321874e+00 8.581682356408000256e-01 9.910671656228267276e-03
7.834489164404359052e-01 8.614720833604686545e-01 1.127780465528810047e-02
1.097111443300965217e+00 8.564683185847622449e-01 9.580968691770008067e-03
9.217663498416549528e-01 8.630491940321464162e-01 2.251311805802022267e-02
3.602288762628667040e-01 8.638454401560685669e-01 1.920155957586141757e-02
2.817551719763224383e-01 8.636556218517126293e-01 9.528348845429824091e-03
5.165877900313978754e-01 8.644642102251958171e-01 2.459715287688757357e-02
1.133006531368888847e+00 8.652536092778198018e-01 2.030500036014140988e-02
7.385296605482368770e-01 8.628200410810308307e-01 1.726556626431624206e-02
5.614358056105326344e-01 8.695206028856294900e-01 1.646775689530122211e-02
6.961425933932897658e-01 8.683243476892810175e-01 1.399099622405975719e-02
1.336603646846787674e+00 8.694769128290256166e-01 1.199511568411355464e-02
1.430626441821090111e+00 8.697759232203705615e-01 1.168456563898462135e-02
2.553941137581294818e-01 8.768590929970581094e-01 1.995447735337497336e-02
2.119585250738678928e-01 8.712631073273822135e-01 1.833140576357939269e-02
6.024763184539208005e-01 8.721356341348558416e-01 1.885723725370264461e-02
8.807270145653819382e-01 8.714263758399121151e-01 1.735351538211157493e-02
4.517966430860492211e-01 8.701444204188228948e-01 1.300068661735172618e-02
1.168167206649693535e+00 8.772718268019659149e-01 1.347398294837260681e-02
3.896905612068738978e-01 8.722099772276765695e-01 1.142451363247277800e-02
1.278709784514869163e+00 8.757350830335568492e-01 1.185815772182164871e-02
2.163390897907301741e-02 8.784514166042336480e-01 1.651232213549096856e-02
1.421023484653604063e-01 8.784647776983873779e-01 1.578348916401369276e-02
7.633760428279574850e-02 8.851189723368491080e-01 1.460415065239206375e-02
1.211736945033400126e+00 8.835496559772799685e-01 1.479676493672477111e-02
1.041558382919056253e-01 8.839107184694819930e-01 1.315707427703778284e-02
9.792614208173120449e-01 8.805178365381503003e-01 1.289310712944789598e-02
3.078188227478066419e-01 8.867613538406424745e-01 1.976586759185947756e-02
